UNFAIR_SUBGROUP =  Hardcore Rap~Hip-Hop/Rap
{2: [0, 0, 2, 0],
 3: [0, 0, 13, 1],
 4: [0, 0, 25, 5],
 5: [0, 0, 3, 4],
 6: [0, 0, 4, 8],
 7: [0, 0, 11, 7],
 8: [0, 0, 11, 3],
 9: [1, 0, 0, 1],
 10: [0, 0, 4, 1],
 11: [0, 0, 4, 0]}

UNFAIR_SUBGROUP =  Hardcore Rap~Music
{2: [0, 0, 22, 3],
 3: [0, 0, 16, 5],
 4: [0, 0, 9, 9],
 5: [0, 0, 10, 7],
 6: [0, 0, 11, 4],
 7: [1, 0, 1, 1],
 8: [0, 0, 4, 1],
 9: [0, 0, 4, 0]}

UNFAIR_SUBGROUP =  Hardcore Rap~Rap
{3: [0, 0, 13, 1],
 4: [0, 0, 25, 5],
 5: [0, 0, 3, 4],
 6: [0, 0, 7, 8],
 7: [0, 0, 10, 7],
 8: [0, 0, 13, 3],
 9: [1, 0, 2, 1],
 10: [0, 0, 1, 1],
 11: [0, 0, 3, 0]}

UNFAIR_SUBGROUP =  Contemporary Country~Country
{2: [0, 0, 1, 4],
 3: [0, 0, 3, 2],
 4: [0, 0, 23, 3],
 5: [1, 0, 5, 6],
 6: [0, 0, 7, 3],
 7: [0, 0, 18, 5],
 8: [0, 0, 11, 6],
 9: [0, 0, 1, 0],
 10: [0, 0, 4, 1],
 11: [0, 0, 4, 0]}

UNFAIR_SUBGROUP =  Contemporary Country~Music
{2: [0, 0, 22, 7],
 3: [0, 0, 8, 7],
 4: [0, 0, 9, 3],
 5: [1, 0, 18, 6],
 6: [0, 0, 11, 6],
 7: [0, 0, 1, 0],
 8: [0, 0, 4, 1],
 9: [0, 0, 4, 0]}

UNFAIR_SUBGROUP =  Contemporary Country~Rock
{3: [0, 0, 3, 3],
 4: [0, 0, 26, 10],
 5: [1, 0, 13, 8],
 6: [0, 0, 15, 5],
 7: [0, 0, 11, 2],
 8: [0, 0, 5, 1],
 9: [0, 0, 4, 0],
 10: [0, 0, 0, 1]}

UNFAIR_SUBGROUP =  Country~Rock
{2: [0, 0, 1, 0],
 3: [0, 0, 3, 3],
 4: [0, 0, 25, 10],
 5: [1, 0, 13, 8],
 6: [0, 0, 15, 5],
 7: [0, 0, 11, 2],
 8: [0, 0, 5, 1],
 9: [0, 0, 4, 0],
 10: [0, 0, 0, 1]}

UNFAIR_SUBGROUP =  Music~Rock
{1: [0, 0, 2, 2],
 2: [0, 0, 25, 6],
 3: [0, 0, 12, 7],
 4: [0, 0, 15, 9],
 5: [1, 0, 13, 4],
 6: [0, 0, 6, 1],
 7: [0, 0, 4, 0],
 8: [0, 0, 0, 1]}

UNFAIR_SUBGROUP =  Alternative~Music
{1: [0, 0, 0, 1],
 2: [0, 0, 24, 5],
 3: [0, 0, 9, 5],
 4: [0, 0, 6, 5],
 5: [0, 0, 17, 6],
 6: [0, 0, 12, 6],
 7: [1, 0, 2, 1],
 8: [0, 0, 4, 1],
 9: [0, 0, 3, 0]}

UNFAIR_SUBGROUP =  Alternative~Rock
{1: [0, 0, 0, 1],
 2: [0, 0, 2, 2],
 3: [0, 0, 6, 2],
 4: [0, 0, 24, 4],
 5: [0, 0, 8, 6],
 6: [0, 0, 14, 9],
 7: [1, 0, 14, 4],
 8: [0, 0, 6, 1],
 9: [0, 0, 3, 0],
 10: [0, 0, 0, 1]}

UNFAIR_SUBGROUP =  Dance~Rock
{2: [0, 0, 14, 3],
 3: [0, 0, 6, 5],
 4: [0, 0, 18, 6],
 5: [0, 0, 8, 5],
 6: [0, 0, 13, 7],
 7: [1, 0, 17, 3],
 8: [0, 0, 1, 1]}

UNFAIR_SUBGROUP =  Electronic~Rock
{2: [0, 0, 2, 0],
 3: [0, 0, 6, 5],
 4: [0, 0, 30, 7],
 5: [0, 0, 8, 4],
 6: [0, 0, 13, 9],
 7: [1, 0, 17, 4],
 8: [0, 0, 1, 1]}

UNFAIR_SUBGROUP =  Contemporary Country~Pop
{2: [0, 0, 3, 1],
 3: [0, 0, 1, 1],
 4: [0, 0, 22, 7],
 5: [1, 0, 7, 10],
 6: [0, 0, 7, 4],
 7: [0, 0, 19, 2],
 8: [0, 0, 12, 4],
 9: [0, 0, 3, 0],
 10: [0, 0, 2, 1],
 11: [0, 0, 1, 0]}

UNFAIR_SUBGROUP =  Country~Pop
{2: [0, 0, 4, 1],
 3: [0, 0, 1, 1],
 4: [0, 0, 21, 7],
 5: [1, 0, 7, 10],
 6: [0, 0, 7, 4],
 7: [0, 0, 19, 2],
 8: [0, 0, 12, 4],
 9: [0, 0, 3, 0],
 10: [0, 0, 2, 1],
 11: [0, 0, 1, 0]}

UNFAIR_SUBGROUP =  Dance~Pop
{2: [0, 0, 17, 3],
 3: [0, 0, 2, 5],
 4: [0, 0, 8, 4],
 5: [0, 0, 6, 3],
 6: [0, 0, 15, 7],
 7: [1, 0, 22, 5],
 8: [0, 0, 6, 3],
 9: [0, 0, 1, 0]}

UNFAIR_SUBGROUP =  Music~Teen Pop
{2: [0, 0, 22, 3],
 3: [0, 0, 5, 5],
 4: [0, 0, 7, 9],
 5: [0, 0, 21, 8],
 6: [0, 0, 13, 4],
 7: [1, 0, 1, 0],
 8: [0, 0, 4, 1],
 9: [0, 0, 4, 0]}

UNFAIR_SUBGROUP =  Pop~R&B / Soul
{2: [0, 0, 3, 0],
 3: [0, 0, 1, 3],
 4: [0, 0, 22, 6],
 5: [0, 0, 5, 5],
 6: [0, 0, 7, 6],
 7: [1, 0, 24, 5],
 8: [0, 0, 12, 5],
 10: [0, 0, 2, 0],
 11: [0, 0, 1, 0]}

UNFAIR_SUBGROUP =  Pop~Teen Pop
{2: [0, 0, 3, 0],
 3: [0, 0, 1, 1],
 4: [0, 0, 21, 7],
 5: [0, 0, 4, 8],
 6: [0, 0, 7, 5],
 7: [1, 0, 22, 4],
 8: [0, 0, 13, 4],
 9: [0, 0, 3, 0],
 10: [0, 0, 2, 1],
 11: [0, 0, 1, 0]}

UNFAIR_SUBGROUP =  Rock~Teen Pop
{3: [0, 0, 2, 2],
 4: [0, 0, 25, 8],
 5: [0, 0, 12, 8],
 6: [0, 0, 15, 7],
 7: [1, 0, 13, 3],
 8: [0, 0, 6, 1],
 9: [0, 0, 4, 0],
 10: [0, 0, 0, 1]}

UNFAIR_SUBGROUP =  Music~Pop/Rock
{2: [0, 0, 22, 3],
 3: [0, 0, 5, 6],
 4: [0, 0, 7, 8],
 5: [1, 0, 22, 6],
 6: [0, 0, 13, 5],
 7: [0, 0, 3, 1],
 8: [0, 0, 4, 1],
 9: [0, 0, 1, 0]}

UNFAIR_SUBGROUP =  Pop~Pop/Rock
{2: [0, 0, 3, 0],
 3: [0, 0, 1, 2],
 4: [0, 0, 21, 6],
 5: [1, 0, 5, 6],
 6: [0, 0, 7, 6],
 7: [0, 0, 24, 5],
 8: [0, 0, 13, 4],
 10: [0, 0, 2, 1],
 11: [0, 0, 1, 0]}

UNFAIR_SUBGROUP =  Pop/Rock~Rock
{3: [0, 0, 2, 2],
 4: [0, 0, 25, 7],
 5: [1, 0, 13, 8],
 6: [0, 0, 15, 8],
 7: [0, 0, 15, 3],
 8: [0, 0, 6, 1],
 9: [0, 0, 1, 0],
 10: [0, 0, 0, 1]}

UNFAIR_SUBGROUP =  Hardcore Rap~Rock
{3: [0, 0, 3, 2],
 4: [0, 0, 27, 8],
 5: [0, 0, 21, 7],
 6: [0, 0, 13, 7],
 7: [1, 0, 3, 4],
 8: [0, 0, 6, 1],
 9: [0, 0, 4, 0],
 10: [0, 0, 0, 1]}

UNFAIR_SUBGROUP =  Hip-Hop/Rap~Rock
{2: [0, 0, 2, 0],
 3: [0, 0, 5, 3],
 4: [0, 0, 28, 8],
 5: [0, 0, 20, 6],
 6: [0, 0, 10, 8],
 7: [1, 0, 2, 4],
 8: [0, 0, 6, 0],
 9: [0, 0, 4, 0],
 10: [0, 0, 0, 1]}

